5 3 8 1 9 2 4 7 6 0 3 5 8 1 2 9 4 6 7 0
2 4 6 8 1 3 5 7 9 0 6 5 4 3 2 1 0 9 8 7
9 8 7 6 5 4 3 2 1 0 1 2 3 4 5 6 7 8 9 0
0 1 2 3 4 5 6 7 8 9 9 8 7 6 5 4 3 2 1 0
4 6 8 2 0 1 3 5 7 9 8 6 4 2 0 9 7 5 3 1
1 3 5 7 9 0 2 4 6 8 9 7 5 3 1 0 2 4 6 8
8 7 6 5 4 3 2 1 0 9 7 8 9 6 5 4 3 2 1 0
3 1 4 1 5 9 2 6 5 3 5 8 9 7 9 3 2 3 8 4
6 2 6 4 3 3 8 3 2 7 9 5 0 2 8 8 4 1 9 7
7 5 9 3 2 3 8 4 6 2 6 4 3 3 8 3 2 7 9 5
0 1 2 3 4 5 6 7 8 9 5 4 3 2 1 0 9 8 7 6
6 7 8 9 0 1 2 3 4 5 1 3 5 7 9 2 4 6 8 0
9 7 5 3 1 0 2 4 6 8 8 6 4 2 0 1 3 5 7 9
2 3 4 5 6 7 8 9 0 1 9 8 7 6 5 4 3 2 1 0
4 5 6 7 8 9 0 1 2 3 3 2 1 0 9 8 7 6 5 4
